--------------------------------------------------------------------------
 OSTRICH version 16.02.05 (Built Feb  5 2016 @ 09:33:49)

 A computer program for model-independent calibration and optimization.

 Author             L. Shawn Matott
 Copyright (C) 2007 L. Shawn Matott

 This program is free software; you can redistribute 
 it and/or modify it under the terms of the GNU  
 General Public License as published by the Free 
 Software Foundation; either version 2 of the 
 License, or(at your option) any later version. 

 This program is distributed in the hope that it will 
 be useful, but WITHOUT ANY WARRANTY; without even 
 the implied warranty of MERCHANTABILITY or FITNESS 
 FOR A PARTICULAR PURPOSE. See the GNU General Public 
 License for more details. 

 You should have received a copy of the GNU General 
 Public License along with this program; if not, 
 write to the Free Software Foundation, Inc., 59 
 Temple Place, Suite 330, Boston, MA 02111-1307 USA 
--------------------------------------------------------------------------

Ostrich Setup
Model                  : simulationData.bat > OstExeOut.txt
Algorithm              : Particle Swarm Optimization
Objective Function     : WSSE
Number of Parameters   : 11
Number of Tied Params  : 0
Number of Observations : 200
Seed for Random Nums.  : 1466057159

Ostrich Run Record
gen   best value     $flowStressRatio  $poissonsRatio  $failureDisplacement  $frictionAngle  $elasticModulus  $peakCompressiveYeildDiff  $peakPlasticStrain  $yeildStrain1  $dilationAngle  $yeildStrain2  $initialCompressiveYeild  Convergence Value
0     2.450360E+15  9.521990E-01  2.454565E-01  4.838660E-02  5.197789E+01  1.932188E+10  3.090642E+06  1.862045E-02  9.193439E-04  1.482333E+01  6.919113E-02  1.127010E+04  8.313918E-01
1     2.241386E+15  9.556014E-01  2.467777E-01  4.854457E-02  5.221776E+01  1.943259E+10  3.079704E+06  1.851997E-02  9.150568E-04  1.491166E+01  6.882252E-02  1.121010E+04  7.169146E-01
2     2.199402E+15  9.589980E-01  2.474383E-01  4.866803E-02  5.245129E+01  1.948794E+10  3.092415E+06  1.846972E-02  9.129133E-04  1.495583E+01  6.863821E-02  1.118010E+04  6.287521E-01
3     2.024794E+15  9.475926E-01  2.629163E-01  3.247528E-02  5.242314E+01  1.760845E+10  3.106584E+06  2.522322E-02  8.387491E-04  1.120556E+01  6.870616E-02  2.243548E+04  3.594194E-01
4     1.690517E+15  9.503787E-01  2.696193E-01  1.076180E-01  5.242845E+01  1.645067E+10  3.112506E+06  2.864908E-02  9.164313E-04  1.407401E+01  6.971083E-02  2.448060E+04  3.290138E-01
5     1.690517E+15  9.503787E-01  2.696193E-01  1.076180E-01  5.242845E+01  1.645067E+10  3.112506E+06  2.864908E-02  9.164313E-04  1.407401E+01  6.971083E-02  2.448060E+04  3.160873E-01
6     1.518688E+15  9.504140E-01  2.825056E-01  1.054000E-01  5.267648E+01  1.773369E+10  3.152245E+06  3.425778E-02  9.281657E-04  1.409881E+01  6.257601E-02  1.685577E+04  3.888365E-01
7     1.461953E+15  9.500443E-01  2.821446E-01  1.234372E-01  5.223214E+01  1.733869E+10  3.946730E+06  3.175333E-02  8.625779E-04  1.379207E+01  6.694710E-02  1.896619E+04  3.208619E-01
8     1.422260E+15  9.512635E-01  3.198096E-01  1.291550E-01  5.221655E+01  1.581490E+10  4.356741E+06  3.410755E-02  7.228256E-04  1.305996E+01  6.764715E-02  2.651083E+04  2.664415E-01
9     1.312415E+15  9.511204E-01  3.094101E-01  1.219116E-01  5.155999E+01  1.414090E+10  4.784634E+06  3.147113E-02  5.829169E-04  1.284140E+01  6.692419E-02  2.461327E+04  2.536067E-01
10    1.225333E+15  9.495736E-01  3.280443E-01  1.210817E-01  5.227925E+01  1.269376E+10  3.818896E+06  3.696634E-02  3.394928E-04  1.344043E+01  6.764999E-02  2.806721E+04  1.394638E-01
11    1.196915E+15  9.488134E-01  3.190469E-01  1.320588E-01  5.203628E+01  1.182779E+10  4.304567E+06  3.752852E-02  1.464953E-04  1.291595E+01  6.448548E-02  2.002153E+04  1.126835E-01
12    1.065073E+15  9.504391E-01  3.143343E-01  1.272321E-01  5.228598E+01  8.046941E+09  4.050512E+06  3.561613E-02  1.109071E-04  1.374905E+01  6.607135E-02  3.135536E+04  1.620909E-01
13    9.790295E+14  9.568818E-01  3.174242E-01  1.213221E-01  5.232195E+01  4.971768E+09  3.955079E+06  3.533408E-02  1.472865E-04  1.372965E+01  6.691789E-02  2.901663E+04  1.598418E-01
14    9.735511E+14  9.548259E-01  3.003294E-01  1.243366E-01  5.237909E+01  5.132528E+09  4.025931E+06  3.624035E-02  1.295286E-04  1.362044E+01  6.681557E-02  2.726269E+04  1.123399E-01
15    9.640022E+14  9.535377E-01  2.923338E-01  1.261765E-01  5.234498E+01  5.769311E+09  4.076123E+06  3.644644E-02  1.087187E-04  1.331272E+01  6.613010E-02  2.820827E+04  1.531448E-01
16    9.514721E+14  9.532524E-01  3.021946E-01  1.265103E-01  5.243537E+01  5.551413E+09  4.049975E+06  3.663517E-02  1.508132E-04  1.349079E+01  6.608638E-02  2.677597E+04  8.533161E-02
17    9.326467E+14  9.520753E-01  2.994695E-01  1.279564E-01  5.253556E+01  5.663655E+09  4.025928E+06  3.666072E-02  1.266287E-04  1.349424E+01  6.597307E-02  2.858736E+04  6.507887E-02
18    9.288801E+14  9.509810E-01  3.008857E-01  1.288956E-01  5.262239E+01  5.310629E+09  4.023045E+06  3.628379E-02  1.317406E-04  1.352449E+01  6.562206E-02  2.923801E+04  3.403604E-02
19    9.226519E+14  9.518983E-01  3.017721E-01  1.299932E-01  5.263583E+01  5.384996E+09  4.019967E+06  3.654358E-02  1.260848E-04  1.357044E+01  6.530829E-02  2.919432E+04  2.002270E-02
20    9.196939E+14  9.518730E-01  3.019320E-01  1.301819E-01  5.268996E+01  5.176625E+09  4.013609E+06  3.667582E-02  1.136484E-04  1.366435E+01  6.507372E-02  2.953498E+04  1.716388E-02
21    9.165019E+14  9.536911E-01  3.016808E-01  1.320760E-01  5.263507E+01  5.183790E+09  4.012990E+06  3.659642E-02  1.024257E-04  1.372172E+01  6.500432E-02  2.817652E+04  1.942653E-02
22    9.165019E+14  9.536911E-01  3.016808E-01  1.320760E-01  5.263507E+01  5.183790E+09  4.012990E+06  3.659642E-02  1.024257E-04  1.372172E+01  6.500432E-02  2.817652E+04  1.375502E-02
23    9.165019E+14  9.536911E-01  3.016808E-01  1.320760E-01  5.263507E+01  5.183790E+09  4.012990E+06  3.659642E-02  1.024257E-04  1.372172E+01  6.500432E-02  2.817652E+04  1.032652E-02
24    9.165019E+14  9.536911E-01  3.016808E-01  1.320760E-01  5.263507E+01  5.183790E+09  4.012990E+06  3.659642E-02  1.024257E-04  1.372172E+01  6.500432E-02  2.817652E+04  7.125152E-03
25    9.160120E+14  9.536169E-01  3.016920E-01  1.315147E-01  5.263346E+01  5.169294E+09  4.014215E+06  3.682030E-02  1.016819E-04  1.371174E+01  6.500143E-02  2.818954E+04  7.743621E-03
26    9.146598E+14  9.545221E-01  3.020360E-01  1.312859E-01  5.264344E+01  5.208934E+09  4.016397E+06  3.656068E-02  1.033856E-04  1.371972E+01  6.525273E-02  2.822254E+04  6.874009E-03
27    9.146598E+14  9.545221E-01  3.020360E-01  1.312859E-01  5.264344E+01  5.208934E+09  4.016397E+06  3.656068E-02  1.033856E-04  1.371972E+01  6.525273E-02  2.822254E+04  7.337214E-03
28    9.122374E+14  9.547476E-01  3.018637E-01  1.314390E-01  5.267169E+01  5.146065E+09  4.012722E+06  3.723163E-02  1.007292E-04  1.349854E+01  6.525367E-02  2.824329E+04  8.652935E-03
29    9.122374E+14  9.547476E-01  3.018637E-01  1.314390E-01  5.267169E+01  5.146065E+09  4.012722E+06  3.723163E-02  1.007292E-04  1.349854E+01  6.525367E-02  2.824329E+04  8.471584E-03
30    9.122374E+14  9.547476E-01  3.018637E-01  1.314390E-01  5.267169E+01  5.146065E+09  4.012722E+06  3.723163E-02  1.007292E-04  1.349854E+01  6.525367E-02  2.824329E+04  7.191012E-03
31    9.122374E+14  9.547476E-01  3.018637E-01  1.314390E-01  5.267169E+01  5.146065E+09  4.012722E+06  3.723163E-02  1.007292E-04  1.349854E+01  6.525367E-02  2.824329E+04  7.834627E-03
32    9.122374E+14  9.547476E-01  3.018637E-01  1.314390E-01  5.267169E+01  5.146065E+09  4.012722E+06  3.723163E-02  1.007292E-04  1.349854E+01  6.525367E-02  2.824329E+04  8.157019E-03
33    9.122374E+14  9.547476E-01  3.018637E-01  1.314390E-01  5.267169E+01  5.146065E+09  4.012722E+06  3.723163E-02  1.007292E-04  1.349854E+01  6.525367E-02  2.824329E+04  8.057441E-03
34    9.122374E+14  9.547476E-01  3.018637E-01  1.314390E-01  5.267169E+01  5.146065E+09  4.012722E+06  3.723163E-02  1.007292E-04  1.349854E+01  6.525367E-02  2.824329E+04  8.593116E-03
35    9.122374E+14  9.547476E-01  3.018637E-01  1.314390E-01  5.267169E+01  5.146065E+09  4.012722E+06  3.723163E-02  1.007292E-04  1.349854E+01  6.525367E-02  2.824329E+04  1.038703E-02
36    9.122374E+14  9.547476E-01  3.018637E-01  1.314390E-01  5.267169E+01  5.146065E+09  4.012722E+06  3.723163E-02  1.007292E-04  1.349854E+01  6.525367E-02  2.824329E+04  8.938111E-03
37    9.122374E+14  9.547476E-01  3.018637E-01  1.314390E-01  5.267169E+01  5.146065E+09  4.012722E+06  3.723163E-02  1.007292E-04  1.349854E+01  6.525367E-02  2.824329E+04  1.045423E-02
38    9.122374E+14  9.547476E-01  3.018637E-01  1.314390E-01  5.267169E+01  5.146065E+09  4.012722E+06  3.723163E-02  1.007292E-04  1.349854E+01  6.525367E-02  2.824329E+04  9.347413E-03
39    9.122374E+14  9.547476E-01  3.018637E-01  1.314390E-01  5.267169E+01  5.146065E+09  4.012722E+06  3.723163E-02  1.007292E-04  1.349854E+01  6.525367E-02  2.824329E+04  8.811247E-03
40    9.122374E+14  9.547476E-01  3.018637E-01  1.314390E-01  5.267169E+01  5.146065E+09  4.012722E+06  3.723163E-02  1.007292E-04  1.349854E+01  6.525367E-02  2.824329E+04  8.008625E-03
41    9.122374E+14  9.547476E-01  3.018637E-01  1.314390E-01  5.267169E+01  5.146065E+09  4.012722E+06  3.723163E-02  1.007292E-04  1.349854E+01  6.525367E-02  2.824329E+04  8.402050E-03
42    9.122374E+14  9.547476E-01  3.018637E-01  1.314390E-01  5.267169E+01  5.146065E+09  4.012722E+06  3.723163E-02  1.007292E-04  1.349854E+01  6.525367E-02  2.824329E+04  1.109397E-02
43    9.122374E+14  9.547476E-01  3.018637E-01  1.314390E-01  5.267169E+01  5.146065E+09  4.012722E+06  3.723163E-02  1.007292E-04  1.349854E+01  6.525367E-02  2.824329E+04  7.987198E-03
44    9.122374E+14  9.547476E-01  3.018637E-01  1.314390E-01  5.267169E+01  5.146065E+09  4.012722E+06  3.723163E-02  1.007292E-04  1.349854E+01  6.525367E-02  2.824329E+04  1.233918E-02
45    9.122374E+14  9.547476E-01  3.018637E-01  1.314390E-01  5.267169E+01  5.146065E+09  4.012722E+06  3.723163E-02  1.007292E-04  1.349854E+01  6.525367E-02  2.824329E+04  1.157603E-02
46    9.122374E+14  9.547476E-01  3.018637E-01  1.314390E-01  5.267169E+01  5.146065E+09  4.012722E+06  3.723163E-02  1.007292E-04  1.349854E+01  6.525367E-02  2.824329E+04  1.145573E-02
47    9.122374E+14  9.547476E-01  3.018637E-01  1.314390E-01  5.267169E+01  5.146065E+09  4.012722E+06  3.723163E-02  1.007292E-04  1.349854E+01  6.525367E-02  2.824329E+04  1.457357E-02
48    9.122374E+14  9.547476E-01  3.018637E-01  1.314390E-01  5.267169E+01  5.146065E+09  4.012722E+06  3.723163E-02  1.007292E-04  1.349854E+01  6.525367E-02  2.824329E+04  1.221252E-02
49    9.122374E+14  9.547476E-01  3.018637E-01  1.314390E-01  5.267169E+01  5.146065E+09  4.012722E+06  3.723163E-02  1.007292E-04  1.349854E+01  6.525367E-02  2.824329E+04  1.086234E-02
50    9.122374E+14  9.547476E-01  3.018637E-01  1.314390E-01  5.267169E+01  5.146065E+09  4.012722E+06  3.723163E-02  1.007292E-04  1.349854E+01  6.525367E-02  2.824329E+04  1.533678E-02

Optimal Parameter Set
Objective Function : 9.122374E+14
$flowStressRatio   : 9.547476E-01
$poissonsRatio     : 3.018637E-01
$failureDisplacement : 1.314390E-01
$frictionAngle     : 5.267169E+01
$elasticModulus    : 5.146065E+09
$peakCompressiveYeildDiff : 4.012722E+06
$peakPlasticStrain : 3.723163E-02
$yeildStrain1      : 1.007292E-04
$dilationAngle     : 1.349854E+01
$yeildStrain2      : 6.525367E-02
$initialCompressiveYeild : 2.824329E+04

Algorithm Metrics
Algorithm               : Particle Swarm Optimization
Desired Convergence Val : 1.000000E-03
Actual Convergence Val  : 1.533678E-02
Max Generations         : 50
Actual Generations      : 50
Swarm Size              : 24
Constriction Factor     : 1.00
Cognitive Weight        : 2.00
Social Weight           : 2.00
Inertia Weight          : 1.20
Inertia Reduction Rate  : 0.10
Initialization Method   : Random
Upper Violations        : 184
Lower Violations        : 220
Total Evals             : 1232
Telescoping Strategy    : none
Algorithm failed to converge on a solution, more generations may be needed

Statistical Output

Untransformed WSSE : 9.122374E+14
********************** NOTE **********************
Insensitive observations (4) and/or parameters (0)
were detected and have not been included in the 
following statistical calculations.
**************************************************

Adjusted Obj.Func. : 7.387479E+14

Parameter      Value            Sensitive?
$flowStressRatio 9.547476E-01    YES
$poissonsRatio 3.018637E-01    YES
$failureDisplacement 1.314390E-01    YES
$frictionAngle 5.267169E+01    YES
$elasticModulus 5.146065E+09    YES
$peakCompressiveYeildDiff 4.012722E+06    YES
$peakPlasticStrain 3.723163E-02    YES
$yeildStrain1  1.007292E-04    YES
$dilationAngle 1.349854E+01    YES
$yeildStrain2  6.525367E-02    YES
$initialCompressiveYeild 2.824329E+04    YES

Observation Residuals
Observation    Measured       Simulated      Weight          Residual(Transformed and Weighted)   Sensitive?
obs1          -2.474190E+06  -2.500000E+05  1.000000E+00  -2.224190E+06      NO
obs2          -3.912698E+06  -2.031846E+06  1.000000E+00  -1.880852E+06      YES
obs3          -4.874645E+06  -3.813693E+06  1.000000E+00  -1.060952E+06      YES
obs4          -5.628285E+06  -5.027689E+06  1.000000E+00  -6.005962E+05      YES
obs5          -6.249890E+06  -5.672318E+06  1.000000E+00  -5.775715E+05      YES
obs6          -6.766723E+06  -6.316948E+06  1.000000E+00  -4.497756E+05      YES
obs7          -7.184364E+06  -6.875183E+06  1.000000E+00  -3.091810E+05      YES
obs8          -7.407414E+06  -7.433402E+06  1.000000E+00  +2.598810E+04      YES
obs9          -7.447967E+06  -7.901160E+06  1.000000E+00  +4.531930E+05      YES
obs10         -7.266472E+06  -8.277690E+06  1.000000E+00  +1.011218E+06      YES
obs11         -6.351289E+06  -8.654220E+06  1.000000E+00  +2.302931E+06      YES
obs12         -6.112829E+06  -8.466465E+06  1.000000E+00  +2.353636E+06      YES
obs13         -5.772862E+06  -8.277875E+06  1.000000E+00  +2.505013E+06      YES
obs14         -5.109537E+06  -8.002984E+06  1.000000E+00  +2.893447E+06      YES
obs15         -5.271331E+06  -7.641499E+06  1.000000E+00  +2.370169E+06      YES
obs16         -5.305991E+06  -7.280014E+06  1.000000E+00  +1.974023E+06      YES
obs17         -5.803054E+06  -6.800506E+06  1.000000E+00  +9.974523E+05      YES
obs18         -5.180297E+06  -6.320977E+06  1.000000E+00  +1.140680E+06      YES
obs19         -4.973750E+06  -5.832199E+06  1.000000E+00  +8.584495E+05      YES
obs20         -4.262536E+06  -5.334128E+06  1.000000E+00  +1.071592E+06      YES
obs21         -4.012587E+06  -4.836058E+06  1.000000E+00  +8.234708E+05      YES
obs22         -4.006629E+06  -4.447638E+06  1.000000E+00  +4.410083E+05      YES
obs23         -4.908857E+06  -4.059455E+06  1.000000E+00  -8.494027E+05      YES
obs24         -3.817820E+06  -3.748739E+06  1.000000E+00  -6.908141E+04      YES
obs25         -3.605193E+06  -3.515675E+06  1.000000E+00  -8.951735E+04      YES
obs26         -3.786948E+06  -3.282612E+06  1.000000E+00  -5.043361E+05      YES
obs27         -4.103537E+06  -3.151687E+06  1.000000E+00  -9.518500E+05      YES
obs28         -4.115296E+06  -3.020925E+06  1.000000E+00  -1.094372E+06      YES
obs29         -3.814570E+06  -2.916495E+06  1.000000E+00  -8.980752E+05      YES
obs30         -3.933754E+06  -2.838402E+06  1.000000E+00  -1.095352E+06      YES
obs31         -3.985063E+06  -2.760308E+06  1.000000E+00  -1.224755E+06      YES
obs32         -3.229408E+06  -2.709730E+06  1.000000E+00  -5.196776E+05      YES
obs33         -3.856740E+06  -2.659172E+06  1.000000E+00  -1.197567E+06      YES
obs34         -3.990174E+06  -2.616399E+06  1.000000E+00  -1.373775E+06      YES
obs35         -3.835039E+06  -2.581416E+06  1.000000E+00  -1.253622E+06      YES
obs36         -3.712704E+06  -2.546434E+06  1.000000E+00  -1.166270E+06      YES
obs37         -3.756067E+06  -2.520872E+06  1.000000E+00  -1.235195E+06      YES
obs38         -3.786630E+06  -2.495321E+06  1.000000E+00  -1.291308E+06      YES
obs39         -3.722399E+06  -2.472854E+06  1.000000E+00  -1.249545E+06      YES
obs40         -3.480277E+06  -2.453498E+06  1.000000E+00  -1.026780E+06      YES
obs41         -3.455024E+06  -2.434141E+06  1.000000E+00  -1.020883E+06      YES
obs42         -3.334463E+06  -2.418873E+06  1.000000E+00  -9.155901E+05      YES
obs43         -3.284831E+06  -2.403610E+06  1.000000E+00  -8.812202E+05      YES
obs44         -3.087506E+06  -2.365460E+06  1.000000E+00  -7.220457E+05      YES
obs45         -2.741825E+06  -2.304314E+06  1.000000E+00  -4.375104E+05      YES
obs46         -3.146345E+06  -2.243169E+06  1.000000E+00  -9.031763E+05      YES
obs47         -3.253065E+06  -2.117359E+06  1.000000E+00  -1.135706E+06      YES
obs48         -3.009836E+06  -1.991453E+06  1.000000E+00  -1.018383E+06      YES
obs49         -3.049453E+06  -1.896931E+06  1.000000E+00  -1.152522E+06      YES
obs50         -2.883045E+06  -1.834490E+06  1.000000E+00  -1.048555E+06      YES
obs51         -3.004899E+06  -1.772050E+06  1.000000E+00  -1.232849E+06      YES
obs52         -4.901298E+06  -5.000000E+05  1.000000E+00  -4.401298E+06      NO
obs53         -6.385036E+06  -3.255954E+06  1.000000E+00  -3.129082E+06      YES
obs54         -7.629841E+06  -6.011908E+06  1.000000E+00  -1.617932E+06      YES
obs55         -8.643216E+06  -7.762394E+06  1.000000E+00  -8.808224E+05      YES
obs56         -9.489631E+06  -8.501057E+06  1.000000E+00  -9.885739E+05      YES
obs57         -1.018742E+07  -9.239720E+06  1.000000E+00  -9.477012E+05      YES
obs58         -1.085118E+07  -9.830005E+06  1.000000E+00  -1.021177E+06      YES
obs59         -1.138764E+07  -1.042016E+07  1.000000E+00  -9.674798E+05      YES
obs60         -1.187985E+07  -1.096760E+07  1.000000E+00  -9.122556E+05      YES
obs61         -1.234896E+07  -1.147228E+07  1.000000E+00  -8.766836E+05      YES
obs62         -1.275386E+07  -1.197696E+07  1.000000E+00  -7.769053E+05      YES
obs63         -1.311086E+07  -1.240812E+07  1.000000E+00  -7.027456E+05      YES
obs64         -1.307967E+07  -1.283911E+07  1.000000E+00  -2.405580E+05      YES
obs65         -1.305516E+07  -1.320020E+07  1.000000E+00  +1.450442E+05      YES
obs66         -1.187095E+07  -1.349095E+07  1.000000E+00  +1.619997E+06      YES
obs67         -1.089442E+07  -1.378170E+07  1.000000E+00  +2.887279E+06      YES
obs68         -1.052932E+07  -1.332564E+07  1.000000E+00  +2.796322E+06      YES
obs69         -1.017988E+07  -1.286888E+07  1.000000E+00  +2.689000E+06      YES
obs70         -9.675614E+06  -1.237345E+07  1.000000E+00  +2.697835E+06      YES
obs71         -9.139592E+06  -1.183903E+07  1.000000E+00  +2.699442E+06      YES
obs72         -8.818296E+06  -1.130462E+07  1.000000E+00  +2.486323E+06      YES
obs73         -8.276963E+06  -1.072745E+07  1.000000E+00  +2.450487E+06      YES
obs74         -7.977995E+06  -1.015027E+07  1.000000E+00  +2.172270E+06      YES
obs75         -6.598742E+06  -9.587587E+06  1.000000E+00  +2.988845E+06      YES
obs76         -6.696965E+06  -9.039492E+06  1.000000E+00  +2.342527E+06      YES
obs77         -6.339147E+06  -8.491397E+06  1.000000E+00  +2.152250E+06      YES
obs78         -6.269623E+06  -8.045824E+06  1.000000E+00  +1.776200E+06      YES
obs79         -6.388267E+06  -7.600491E+06  1.000000E+00  +1.212224E+06      YES
obs80         -6.656351E+06  -7.219397E+06  1.000000E+00  +5.630457E+05      YES
obs81         -6.500950E+06  -6.902695E+06  1.000000E+00  +4.017446E+05      YES
obs82         -6.081058E+06  -6.585992E+06  1.000000E+00  +5.049337E+05      YES
obs83         -6.173483E+06  -6.373095E+06  1.000000E+00  +1.996126E+05      YES
obs84         -6.102004E+06  -6.160434E+06  1.000000E+00  +5.843033E+04      YES
obs85         -6.235550E+06  -5.981951E+06  1.000000E+00  -2.535986E+05      YES
obs86         -6.708506E+06  -5.837889E+06  1.000000E+00  -8.706172E+05      YES
obs87         -6.966498E+06  -5.693827E+06  1.000000E+00  -1.272671E+06      YES
obs88         -7.167204E+06  -5.592748E+06  1.000000E+00  -1.574456E+06      YES
obs89         -7.262234E+06  -5.491678E+06  1.000000E+00  -1.770556E+06      YES
obs90         -6.921227E+06  -5.404258E+06  1.000000E+00  -1.516969E+06      YES
obs91         -6.566124E+06  -5.330516E+06  1.000000E+00  -1.235608E+06      YES
obs92         -6.551412E+06  -5.256775E+06  1.000000E+00  -1.294637E+06      YES
obs93         -6.507168E+06  -5.201092E+06  1.000000E+00  -1.306076E+06      YES
obs94         -6.896225E+06  -5.145416E+06  1.000000E+00  -1.750809E+06      YES
obs95         -7.155505E+06  -5.095859E+06  1.000000E+00  -2.059646E+06      YES
obs96         -6.909156E+06  -5.052424E+06  1.000000E+00  -1.856732E+06      YES
obs97         -6.586454E+06  -5.008990E+06  1.000000E+00  -1.577464E+06      YES
obs98         -6.442889E+06  -4.974267E+06  1.000000E+00  -1.468622E+06      YES
obs99         -6.184138E+06  -4.939566E+06  1.000000E+00  -1.244572E+06      YES
obs100        -6.054370E+06  -4.908108E+06  1.000000E+00  -1.146261E+06      YES
obs101        -3.634345E+06  -4.879923E+06  1.000000E+00  +1.245578E+06      YES
obs102        -6.004400E+06  -4.851739E+06  1.000000E+00  -1.152662E+06      YES
obs103        -8.002939E+06  -1.000000E+06  1.000000E+00  -7.002939E+06      NO
obs104        -9.731007E+06  -5.378641E+06  1.000000E+00  -4.352366E+06      YES
obs105        -1.128792E+07  -9.757282E+06  1.000000E+00  -1.530633E+06      YES
obs106        -1.265870E+07  -1.249866E+07  1.000000E+00  -1.600458E+05      YES
obs107        -1.388821E+07  -1.359046E+07  1.000000E+00  -2.977474E+05      YES
obs108        -1.502206E+07  -1.468226E+07  1.000000E+00  -3.397926E+05      YES
obs109        -1.596970E+07  -1.541906E+07  1.000000E+00  -5.506386E+05      YES
obs110        -1.679844E+07  -1.615529E+07  1.000000E+00  -6.431426E+05      YES
obs111        -1.760169E+07  -1.681504E+07  1.000000E+00  -7.866480E+05      YES
obs112        -1.833407E+07  -1.739801E+07  1.000000E+00  -9.360665E+05      YES
obs113        -1.898636E+07  -1.798097E+07  1.000000E+00  -1.005384E+06      YES
obs114        -1.939979E+07  -1.846510E+07  1.000000E+00  -9.346881E+05      YES
obs115        -1.999269E+07  -1.894920E+07  1.000000E+00  -1.043491E+06      YES
obs116        -2.053488E+07  -1.939424E+07  1.000000E+00  -1.140644E+06      YES
obs117        -2.103123E+07  -1.979986E+07  1.000000E+00  -1.231368E+06      YES
obs118        -2.148768E+07  -2.020548E+07  1.000000E+00  -1.282202E+06      YES
obs119        -2.187963E+07  -2.054297E+07  1.000000E+00  -1.336668E+06      YES
obs120        -2.225430E+07  -2.088035E+07  1.000000E+00  -1.373954E+06      YES
obs121        -2.252422E+07  -2.118728E+07  1.000000E+00  -1.336939E+06      YES
obs122        -2.244248E+07  -2.146375E+07  1.000000E+00  -9.787307E+05      YES
obs123        -2.272006E+07  -2.174022E+07  1.000000E+00  -9.798375E+05      YES
obs124        -2.239694E+07  -2.196158E+07  1.000000E+00  -4.353553E+05      YES
obs125        -2.170575E+07  -2.218288E+07  1.000000E+00  +4.771283E+05      YES
obs126        -2.115288E+07  -2.223582E+07  1.000000E+00  +1.082941E+06      YES
obs127        -2.142347E+07  -2.211892E+07  1.000000E+00  +6.954583E+05      YES
obs128        -2.103971E+07  -2.200203E+07  1.000000E+00  +9.623182E+05      YES
obs129        -2.226339E+07  -2.118888E+07  1.000000E+00  -1.074508E+06      YES
obs130        -2.349486E+07  -2.037530E+07  1.000000E+00  -3.119554E+06      YES
obs131        -2.427563E+07  -1.959138E+07  1.000000E+00  -4.684245E+06      YES
obs132        -2.479727E+07  -1.883720E+07  1.000000E+00  -5.960069E+06      YES
obs133        -2.599297E+07  -1.808302E+07  1.000000E+00  -7.909952E+06      YES
obs134        -2.697018E+07  -1.739381E+07  1.000000E+00  -9.576373E+06      YES
obs135        -1.724909E+07  -1.670475E+07  1.000000E+00  -5.443385E+05      YES
obs136        -1.451789E+07  -1.606150E+07  1.000000E+00  +1.543609E+06      YES
obs137        -1.375340E+07  -1.546426E+07  1.000000E+00  +1.710858E+06      YES
obs138        -1.371358E+07  -1.486702E+07  1.000000E+00  +1.153432E+06      YES
obs139        -1.297762E+07  -1.438100E+07  1.000000E+00  +1.403383E+06      YES
obs140        -1.428272E+07  -1.389509E+07  1.000000E+00  -3.876273E+05      YES
obs141        -1.540630E+07  -1.346377E+07  1.000000E+00  -1.942534E+06      YES
obs142        -1.637820E+07  -1.308719E+07  1.000000E+00  -3.291011E+06      YES
obs143        -1.734460E+07  -1.271061E+07  1.000000E+00  -4.633991E+06      YES
obs144        -9.327632E+06  -1.242510E+07  1.000000E+00  +3.097471E+06      YES
obs145        -9.330196E+06  -1.213964E+07  1.000000E+00  +2.809442E+06      YES
obs146        -9.428260E+06  -1.188862E+07  1.000000E+00  +2.460358E+06      YES
obs147        -9.579035E+06  -1.167208E+07  1.000000E+00  +2.093047E+06      YES
obs148        -9.742132E+06  -1.145555E+07  1.000000E+00  +1.713415E+06      YES
obs149        -9.741154E+06  -1.128914E+07  1.000000E+00  +1.547985E+06      YES
obs150        -9.585210E+06  -1.112273E+07  1.000000E+00  +1.537525E+06      YES
obs151        -4.617569E+06  -1.097433E+07  1.000000E+00  +6.356756E+06      YES
obs152        -7.278883E+06  -1.084409E+07  1.000000E+00  +3.565205E+06      YES
obs153        -9.750761E+06  -1.071385E+07  1.000000E+00  +9.630901E+05      YES
obs154        -1.200649E+07  -2.000000E+06  1.000000E+00  -1.000649E+07      NO
obs155        -1.405934E+07  -7.669001E+06  1.000000E+00  -6.390339E+06      YES
obs156        -1.593929E+07  -1.333800E+07  1.000000E+00  -2.601287E+06      YES
obs157        -1.767893E+07  -1.771291E+07  1.000000E+00  +3.397515E+04      YES
obs158        -1.935747E+07  -2.078999E+07  1.000000E+00  +1.432515E+06      YES
obs159        -2.092404E+07  -2.386706E+07  1.000000E+00  +2.943028E+06      YES
obs160        -2.239447E+07  -2.507471E+07  1.000000E+00  +2.680235E+06      YES
obs161        -2.375601E+07  -2.628227E+07  1.000000E+00  +2.526261E+06      YES
obs162        -2.501368E+07  -2.733016E+07  1.000000E+00  +2.316476E+06      YES
obs163        -2.619642E+07  -2.821724E+07  1.000000E+00  +2.020813E+06      YES
obs164        -2.733508E+07  -2.910432E+07  1.000000E+00  +1.769239E+06      YES
obs165        -2.830359E+07  -2.979702E+07  1.000000E+00  +1.493427E+06      YES
obs166        -2.931106E+07  -3.048939E+07  1.000000E+00  +1.178331E+06      YES
obs167        -3.012016E+07  -3.111440E+07  1.000000E+00  +9.942400E+05      YES
obs168        -3.096939E+07  -3.167175E+07  1.000000E+00  +7.023645E+05      YES
obs169        -3.175321E+07  -3.222911E+07  1.000000E+00  +4.758975E+05      YES
obs170        -3.246297E+07  -3.268303E+07  1.000000E+00  +2.200625E+05      YES
obs171        -3.314993E+07  -3.313691E+07  1.000000E+00  -1.301743E+04      YES
obs172        -3.379468E+07  -3.354900E+07  1.000000E+00  -2.456777E+05      YES
obs173        -3.434448E+07  -3.391900E+07  1.000000E+00  -4.254792E+05      YES
obs174        -3.485658E+07  -3.428900E+07  1.000000E+00  -5.675849E+05      YES
obs175        -3.535692E+07  -3.458804E+07  1.000000E+00  -7.688827E+05      YES
obs176        -3.515834E+07  -3.488707E+07  1.000000E+00  -2.712709E+05      YES
obs177        -3.565834E+07  -3.515538E+07  1.000000E+00  -5.029550E+05      YES
obs178        -3.595688E+07  -3.539283E+07  1.000000E+00  -5.640561E+05      YES
obs179        -3.625674E+07  -3.563027E+07  1.000000E+00  -6.264611E+05      YES
obs180        -3.667778E+07  -3.581388E+07  1.000000E+00  -8.639054E+05      YES
obs181        -3.704955E+07  -3.599736E+07  1.000000E+00  -1.052185E+06      YES
obs182        -3.740301E+07  -3.615707E+07  1.000000E+00  -1.245940E+06      YES
obs183        -3.711395E+07  -3.629298E+07  1.000000E+00  -8.209745E+05      YES
obs184        -3.746442E+07  -3.642888E+07  1.000000E+00  -1.035536E+06      YES
obs185        -3.752028E+07  -3.652305E+07  1.000000E+00  -9.972263E+05      YES
obs186        -3.720131E+07  -3.661714E+07  1.000000E+00  -5.841711E+05      YES
obs187        -3.705311E+07  -3.669287E+07  1.000000E+00  -3.602348E+05      YES
obs188        -3.634321E+07  -3.675019E+07  1.000000E+00  +4.069816E+05      YES
obs189        -3.520184E+07  -3.680751E+07  1.000000E+00  +1.605675E+06      YES
obs190        -3.585050E+07  -3.683273E+07  1.000000E+00  +9.822350E+05      YES
obs191        -3.407975E+07  -3.685794E+07  1.000000E+00  +2.778182E+06      YES
obs192        -3.409564E+07  -3.661775E+07  1.000000E+00  +2.522112E+06      YES
obs193        -3.385407E+07  -3.611188E+07  1.000000E+00  +2.257813E+06      YES
obs194        -3.398709E+07  -3.560602E+07  1.000000E+00  +1.618930E+06      YES
obs195        -3.486779E+07  -3.453130E+07  1.000000E+00  -3.364909E+05      YES
obs196        -3.419070E+07  -3.345654E+07  1.000000E+00  -7.341632E+05      YES
obs197        -3.240543E+07  -3.246547E+07  1.000000E+00  +6.003729E+04      YES
obs198        -3.220068E+07  -3.155890E+07  1.000000E+00  -6.417805E+05      YES
obs199        -3.082722E+07  -3.065234E+07  1.000000E+00  -1.748837E+05      YES
obs200        -3.006644E+07  -2.987810E+07  1.000000E+00  -1.883446E+05      YES

Correlation between raw measured and simulated observations (no transformation or weighting)
Ry         :  0.985
Ry-squared :  0.970

Correlation between measured and simulated observations (with transformation and weighting)
Rw         :  0.985
Rw-squared :  0.970

Error Variance and Standard Error of the Regression
S^2 : 3.993232E+12
S   : 1.998307E+06

Parameter Variance-Covariance
               $flowStressRatio   $poissonsRatio   $failureDisplacement   $frictionAngle   $elasticModulus   $peakCompressiveYeildDiff   $peakPlasticStrain   $yeildStrain1   $dilationAngle   $yeildStrain2   $initialCompressiveYeild   
$flowStressRatio  +1.125325E-04  +3.780777E-04  -1.240929E-05  -3.619849E-03  -3.280410E+05  +1.709519E+03  +1.456315E-05  -3.989356E-07  -1.636152E-02  -3.211829E-05  +4.919817E+01  
$poissonsRatio  +3.780777E-04  +1.542973E-03  -2.469895E-04  -1.141247E-02  -5.915099E+06  +5.166558E+03  +6.880655E-05  -8.408086E-07  -5.963578E-02  -1.532688E-04  +1.522809E+02  
$failureDisplacement  -1.240929E-05  -2.469895E-04  +4.515408E-04  -1.579266E-03  +3.464167E+06  +1.648506E+03  -3.456512E-05  -9.718887E-07  +1.083286E-03  +6.054908E-05  +3.755211E+01  
$frictionAngle  -3.619849E-03  -1.141247E-02  -1.579266E-03  +1.391539E-01  +3.897060E+06  -7.375726E+04  -1.818954E-04  +1.971176E-05  +5.474171E-01  +6.375700E-04  -2.023943E+03  
$elasticModulus  -3.280410E+05  -5.915099E+06  +3.464167E+06  +3.897060E+06  +1.891623E+17  -2.330199E+13  +3.037295E+05  -3.414925E+03  +1.775795E+08  -2.238608E+05  -6.672754E+11  
$peakCompressiveYeildDiff  +1.709519E+03  +5.166558E+03  +1.648506E+03  -7.375726E+04  -2.330199E+13  +4.926967E+10  -2.057948E+02  -1.318166E+01  -2.865367E+05  +1.514723E+02  +1.339228E+09  
$peakPlasticStrain  +1.456315E-05  +6.880655E-05  -3.456512E-05  -1.818954E-04  +3.037295E+05  -2.057948E+02  +1.091041E-05  +7.816076E-08  -1.598309E-03  -1.888740E-05  -4.948697E+00  
$yeildStrain1  -3.989356E-07  -8.408086E-07  -9.718887E-07  +1.971176E-05  -3.414925E+03  -1.318166E+01  +7.816076E-08  +4.363959E-09  +6.429877E-05  -9.517328E-08  -3.505567E-01  
$dilationAngle  -1.636152E-02  -5.963578E-02  +1.083286E-03  +5.474171E-01  +1.775795E+08  -2.865367E+05  -1.598309E-03  +6.429877E-05  +2.624404E+00  +3.901100E-03  -8.329690E+03  
$yeildStrain2  -3.211829E-05  -1.532688E-04  +6.054908E-05  +6.375700E-04  -2.238608E+05  +1.514723E+02  -1.888740E-05  -9.517328E-08  +3.901100E-03  +3.673385E-05  +3.808658E+00  
$initialCompressiveYeild  +4.919817E+01  +1.522809E+02  +3.755211E+01  -2.023943E+03  -6.672754E+11  +1.339228E+09  -4.948697E+00  -3.505567E-01  -8.329690E+03  +3.808658E+00  +3.766950E+07  

Parameter Standard Error
$flowStressRatio   : 1.060813E-02 
$poissonsRatio   : 3.928070E-02 
$failureDisplacement   : 2.124949E-02 
$frictionAngle   : 3.730333E-01 
$elasticModulus   : 4.349279E+08 
$peakCompressiveYeildDiff   : 2.219677E+05 
$peakPlasticStrain   : 3.303090E-03 
$yeildStrain1   : 6.606027E-05 
$dilationAngle   : 1.620001E+00 
$yeildStrain2   : 6.060845E-03 
$initialCompressiveYeild   : 6.137549E+03 

Parameter Correlation
               $flowStressRatio  $poissonsRatio  $failureDisplacement  $frictionAngle  $elasticModulus  $peakCompressiveYeildDiff  $peakPlasticStrain  $yeildStrain1  $dilationAngle  $yeildStrain2  $initialCompressiveYeild  
$flowStressRatio  +1.000         +0.907         -0.055         -0.915         -0.071         +0.726         +0.416         -0.569         -0.952         -0.500         +0.756         
$poissonsRatio  +0.907         +1.000         -0.296         -0.779         -0.346         +0.593         +0.530         -0.324         -0.937         -0.644         +0.632         
$failureDisplacement  -0.055         -0.296         +1.000         -0.199         +0.375         +0.350         -0.492         -0.692         +0.031         +0.470         +0.288         
$frictionAngle  -0.915         -0.779         -0.199         +1.000         +0.024         -0.891         -0.148         +0.800         +0.906         +0.282         -0.884         
$elasticModulus  -0.071         -0.346         +0.375         +0.024         +1.000         -0.241         +0.211         -0.119         +0.252         -0.085         -0.250         
$peakCompressiveYeildDiff  +0.726         +0.593         +0.350         -0.891         -0.241         +1.000         -0.281         -0.899         -0.797         +0.113         +0.983         
$peakPlasticStrain  +0.416         +0.530         -0.492         -0.148         +0.211         -0.281         +1.000         +0.358         -0.299         -0.943         -0.244         
$yeildStrain1  -0.569         -0.324         -0.692         +0.800         -0.119         -0.899         +0.358         +1.000         +0.601         -0.238         -0.865         
$dilationAngle  -0.952         -0.937         +0.031         +0.906         +0.252         -0.797         -0.299         +0.601         +1.000         +0.397         -0.838         
$yeildStrain2  -0.500         -0.644         +0.470         +0.282         -0.085         +0.113         -0.943         -0.238         +0.397         +1.000         +0.102         
$initialCompressiveYeild  +0.756         +0.632         +0.288         -0.884         -0.250         +0.983         -0.244         -0.865         -0.838         +0.102         +1.000         
